Dull Kick;3;Vol;1;1;Env;Att;0;0;Dec;0.2;0;Sus;0.1;0;Rel;0.2;0;Tune;0;0;0;0;0;Flt;0;Cut;0.5;0;Res;0;0;Shrp;0.75;0
0;1;Vol;1;1;Env;Att;0;0;Dec;0.96;0;Sus;0.05;0;Rel;0.4;0;Tune;-24;0;0;0;0
0;1;Vol;1;1;Env;Att;0;0;Dec;0.13;0;Sus;0;0;Rel;0.3;0;Tune;-24;0;0;0;0
8;1;Vol;0.33;0;Tune;37;0;0;0;0

Deep Kick;5;Vol;1;0;Tune;0;0;0;0;0
0;1;Vol;1;1;Env;Att;0;0;Dec;0.2;0;Sus;0;0;Rel;0.2;0;Tune;-27.5;0;0;0;0
0;1;Vol;0.88;1;Env;Att;0;0;Dec;0.4;0;Sus;0;0;Rel;0.2;0;Tune;-27.5;0;0;0;0
0;1;Vol;1;1;Env;Att;0;0;Dec;0.06;0;Sus;0;0;Rel;0.2;0;Tune;-15.5;0;0;0;0
8;1;Vol;0.4;0;Tune;14.5;0;0;0;0
8;1;Vol;0.6;0;Tune;26.5;0;0;0;0

Pop Kick;3;Vol;1;0;Tune;0;0;0;0;0
8;1;Vol;0.520001;1;Env;Att;0;0;Dec;0.38;0;Sus;0;0;Rel;0.2;0;Tune;-31.5;0;0;0;0
0;1;Vol;1;1;Env;Att;0;0;Dec;0.13;0;Sus;0;0;Rel;0.2;0;Tune;-20;0;0;0;0
0;1;Vol;1;1;Env;Att;0;0;Dec;0.22;0;Sus;0;0;Rel;0.2;0;Tune;-29;0;0;0;0

Closed Hat 1;3;Vol;1;0;Tune;58.5;0;0;0;0
5;1;Vol;1;1;Env;Att;0;0;Dec;0.04;0;Sus;0.11;0;Rel;0.56;0;Flt;0;Cut;0.5;0;Res;0;0;Shrp;0.75;0
6;1;Vol;1;1;Env;Att;0;0;Dec;0.01;0;Sus;0.06;0;Rel;0.2;0;Tune;24;0;0;0;0
7;1;Vol;0.7;0;Tune;24;0;0;0;0

Cymbell;1;Vol;1;0;Tune;0;0;0;0;0
11;1;Vol;0.99;1;Env;Att;0;0;Dec;0.2;0;Sus;0.3;0;Rel;0.4;0;Tune;59.5;0;0;0;0;Hrm;0;0.641096;0;1;0.480822;0;2;0.384658;0;3;0.673151;0;4;1;0;5;1;0;6;1;0;7;0.73726;0;8;0.320548;0;9;0.06411;0;10;0;0;11;0;0;12;0;0;13;0;0;14;0;0;15;0;0;16;0;0;17;0;0;18;0;0;19;0;0;20;0;0;21;0;0;22;0;0;23;0;0;0;-1

Tambourine;6;Vol;0.63;1;Env;Att;0;0;Dec;0.05;0;Sus;0.1;0;Rel;0.2;0;Tune;0;0;0;0;0
5;1;Vol;1.9;1;Env;Att;0;0;Dec;0.04;0;Sus;0;0;Rel;0.2;0;Tune;60;0;0;0;0
0;1;Vol;0.54;0;Off;0.01;0;Tune;66;0;0;0;0
6;1;Vol;1;1;Env;Att;0;0;Dec;0.07;0;Sus;0;0;Rel;0.2;0;Tune;56;0;0;0;0
6;1;Vol;1;1;Env;Att;0;0;Dec;0.07;0;Sus;0;0;Rel;0.2;0;Tune;56;0;0;0;0
6;1;Vol;1;1;Env;Att;0;0;Dec;0.07;0;Sus;0;0;Rel;0.2;0;Tune;63.5;0;0;0;0
6;1;Vol;1;1;Env;Att;0;0;Dec;0.04;0;Sus;0;0;Rel;0.2;0;Tune;68;0;0;0;0

Low Boing;2;Vol;1;1;Env;Att;0;0;Dec;0.4;0;Sus;0;0;Rel;0.2;0;Tune;0;0;0;0;0
0;1;Vol;0.6;0
9;1;Vol;1;1;Env;Att;0;0;Dec;0.28;0;Sus;0;0;Rel;0.2;0;Tune;0;0;0;0;0

Shaker;5;Vol;1;1;Env;Att;0;0;Dec;0.2;0;Sus;0.1;0;Rel;0.2;0;Tune;0;0;0;0;0;Del;Dry;1;0;Cnt;2;0;Time;0.14;0;Lvl;0.5;0;Pow;1;0
5;1;Vol;0.4;1;Env;Att;0;0;Dec;0.2;0;Sus;0.1;0;Rel;0.2;0;Tune;31.5;0;0;0;0
6;1;Vol;0.38;1;Env;Att;0.03;0;Dec;0.3;0;Sus;0.1;0;Rel;0.2;0;Tune;21;0;0;0;0
6;1;Vol;0.44;1;Env;Att;0.03;0;Dec;0.3;0;Sus;0.1;0;Rel;0.2;0;Tune;32;0;0;0;0
6;1;Vol;0.7;1;Env;Att;0.03;0;Dec;0.3;0;Sus;0.1;0;Rel;0.2;0;Tune;49;0;0;0;0
6;1;Vol;0.7;1;Env;Att;0.03;0;Dec;0.3;0;Sus;0.1;0;Rel;0.2;0;Tune;57;0;0;0;0

Claps;7;Vol;1.14;0;Tune;-7;0;0;0;0
11;1;Vol;0.58;1;Env;Att;0;0;Dec;0.07;0;Sus;0;0;Rel;0.2;0;Off;0.05;0;Tune;-20;0;0;0;0;Flt;0;Cut;0;0;Res;0;0;Shrp;0.5;0
8;1;Vol;0.740001;1;Env;Att;0;0;Dec;0.07;0;Sus;0;0;Rel;0.2;0;Off;0.04;0;Tune;41;0;0;0;0
5;1;Vol;0.49;1;Env;Att;0;0;Dec;0.04;0;Sus;0.05;0;Rel;0.2;0;Off;0;0
5;1;Vol;0.89;1;Env;Att;0;0;Dec;0.04;0;Sus;0.05;0;Rel;0.2;0;Off;0.03;0;Tune;24;0;0;0;0
6;1;Vol;0.7;1;Env;Att;0;0;Dec;0.01;0;Sus;0;0;Rel;0.2;0;Off;0.02;0;Tune;29;0;0;0;0
6;1;Vol;0.34;1;Env;Att;0;0;Dec;0.01;0;Sus;0;0;Rel;0.2;0;Off;0.02;0;Tune;24;0;0;0;0
4;1;Vol;0.38;1;Env;Att;0;0;Dec;0.1;0;Sus;0.68;0;Rel;0.23;0;Off;0.07;0;Tune;60;0;0;0;0

Snare;3;Vol;1;0;Tune;0;0;0;0;0
4;1;Vol;1;1;Env;Att;0;0;Dec;0.15;0;Sus;0.12;0;Rel;0.45;0;Tune;62.5;0;0;0;0
5;1;Vol;1;1;Env;Att;0;0;Dec;0.13;0;Sus;0;0;Rel;0.2;0;Tune;26.5;0;0;0;0
0;1;Vol;1;1;Env;Att;0;0;Dec;0.1;0;Sus;0;0;Rel;0.2;0;Tune;-7.5;0;0;0;0

Rimpad;7;Vol;0.79;0;Tune;0;0;0;0;0
8;1;Vol;0.49;0;Tune;72;0;0;0;0
8;1;Vol;0.49;0;Tune;9.5;0;0;0;0
0;1;Vol;0.7;1;Env;Att;0;0;Dec;0.02;0;Sus;0;0;Rel;0.2;0;Tune;-5;0;0;0;0
0;1;Vol;1;1;Env;Att;0;0;Dec;0.02;0;Sus;0.1;0;Rel;0.2;0;Tune;12.5;0;0;0;0
0;1;Vol;1;1;Env;Att;0;0;Dec;0.04;0;Sus;0;0;Rel;0.2;0;Tune;17;0;0;0;0
6;1;Vol;1;1;Env;Att;0;0;Dec;0.06;0;Sus;0.14;0;Rel;0.4;0;Tune;22;0;0;0;0
6;1;Vol;1;1;Env;Att;0;0;Dec;0.02;0;Sus;0.1;0;Rel;0.2;0;Tune;34;0;0;0;0

Club Bass;2;Vol;1;0;Del;Dry;1;0;Cnt;4;0;Time;0.2;0;Lvl;0.17;0;Pow;1;0
0;1;Vol;1;0
0;1;Vol;1;0;Tune;-24;0;0;0;0

Kuroshi;3;Vol;1;0;Tune;0;0;0;0;0;Del;Dry;1;0;Cnt;4;0;Time;0.24;0;Lvl;0.5;0;Pow;1;0
7;1;Vol;1;0;Tune;-24;0;0;0;0
10;1;Vol;0.6;0
9;1;Vol;1;0;Tune;0;0;0;0;0

Nu Bass;4;Vol;1;0;Tune;0;0;0;0;0
0;1;Vol;1;0
1;1;Vol;0.8;0
2;1;Vol;0.8;0
2;1;Vol;0.8;0

Pluck Synth;4;Vol;1;0;Tune;0;0;0;0;0
1;1;Vol;1;1;Env;Att;0;0;Dec;0.2;0;Sus;0.1;0;Rel;0.2;0
2;1;Vol;0.78;1;Env;Att;0;0;Dec;0.1;0;Sus;0.2;0;Rel;0;0
2;1;Vol;0.78;1;Env;Att;0;0;Dec;0.1;0;Sus;0.2;0;Rel;0;0
3;1;Vol;0.8;1;Env;Att;0;0;Dec;0.1;0;Sus;0.1;0;Rel;0.2;0;Tune;12;0;0;0;0;Del;Dry;1;0;Cnt;4;0;Time;0.2;0;Lvl;0.3;0;Pow;1;0

Plucked;4;Vol;1;0;Tune;0;0;0;0;0
1;1;Vol;0.6;1;Env;Att;0;0;Dec;0.45;0;Sus;0.1;0;Rel;1.8;0;Tune;12;0;0;0;0
2;1;Vol;0.4;1;Env;Att;0;0;Dec;0.9;0;Sus;0.1;0;Rel;1.5;0;Tune;12;0;0;0;0
2;1;Vol;0.7;1;Env;Att;0;0;Dec;0.01;0;Sus;0;0;Rel;0.2;0;Tune;12;0;0;0;0
7;1;Vol;0.35;0;Tune;65;0;0;0;0

Wonder;1;Vol;1;0;Del;Dry;1;0;Cnt;4;0;Time;0.47;0;Lvl;0.5;0;Pow;1;0
1;1;Vol;1;1;Env;Att;0.03;0;Dec;0.09;0;Sus;0.18;0;Rel;0.9;0

Synth 1;4;Vol;0.75;0;Tune;0;0;0;0;0;Del;Dry;1;0;Cnt;4;0;Time;0.3;0;Lvl;0.5;0;Pow;1;0
0;1;Vol;1;0
1;1;Vol;1;0
2;1;Vol;1;0
3;1;Vol;1;0;Tune;12;0;0;0;0

Sandstorm;2;Vol;1;0;Del;Dry;1;0;Cnt;4;0;Time;0.36;0;Lvl;0.5;0;Pow;1;0
3;1;Vol;1;0;Tune;12;0;0;0;0
2;1;Vol;1;0;Tune;-19;0;0;0;0

Distorted;7;Vol;1;0;Tune;0;0;0;0;0
3;1;Vol;1;0
2;1;Vol;0.9;0;Tune;-12;0;0;0;0
3;1;Vol;0.9;0;Tune;-24;0;0;0;0
4;1;Vol;0.6;1;Env;Att;0;0;Dec;0.3;0;Sus;0.1;0;Rel;0.2;0;Tune;75;0;0;0;0
0;1;Vol;1;0
11;1;Vol;0.5;0;Tune;0;0;0;0;0
11;1;Vol;0.5;0;Tune;-12;0;0;0;0

Glastonberry;3;Vol;1;0;Tune;0;0;0;0;0;Del;Dry;1;0;Cnt;11;0;Time;0.26;0;Lvl;0.4;0;Pow;1;0
0;1;Vol;1;0;Off;0.013;0
3;1;Vol;0.7;1;Env;Att;0.03;0;Dec;0.2;0;Sus;0;0;Rel;0.2;0;Tune;-7;0;0;0;0
3;1;Vol;1;1;Env;Att;0.03;0;Dec;0.2;0;Sus;0.6;0;Rel;0.2;0;Tune;5;0;0;0;0

Honkey Tonk;4;Vol;1;1;Env;Att;0;0;Dec;2.3;0;Sus;0.15;0;Rel;0.7;0;Tune;0;0;0;0;0
1;1;Vol;1;1;Env;Att;0;0;Dec;0.2;0;Sus;0.7;0;Rel;0.2;0;Hrm;0;1;0;1;0.5;0;2;0.333;0;3;0.25;0;4;0.2;0;5;0.167;0;6;0.143;0;7;0.125;0;8;0;0;9;0;0;10;0;0;11;0;0;12;0;0;13;0;0;14;0;0;15;0;0;16;0;0;17;0;0;18;0;0;19;0;0;20;0;0;21;0;0;22;0;0;23;0;0;2;0
0;1;Vol;0.4;1;Env;Att;0.03;0;Dec;0.2;0;Sus;0.1;0;Rel;0.2;0;Tune;12;0;0;0;0
0;1;Vol;0.3;1;Env;Att;0;0;Dec;0.1;0;Sus;0.1;0;Rel;0.4;0;Tune;24;0;0;0;0
0;1;Vol;0.31;1;Env;Att;0;0;Dec;0.1;0;Sus;0;0;Rel;0.2;0;Tune;-12;0;0;0;0

Elec Piano;4;Vol;1;1;Env;Att;0;0;Dec;2.3;0;Sus;0.15;0;Rel;0.7;0;Tune;0;0;0;0;0
1;1;Vol;1;1;Env;Att;0.01;0;Dec;0.12;0;Sus;0.7;0;Rel;0.2;0;Hrm;0;1;0;1;0.5;0;2;0.333;0;3;0.25;0;4;0;0;5;0.167;0;6;0.143;0;7;0.125;0;8;0;0;9;0;0;10;0;0;11;0;0;12;0.05;0;13;0.09;0;14;0.11;0;15;0.07;0;16;0.12;0;17;0.08;0;18;0.12;0;19;0.13;0;20;0;0;21;0;0;22;0;0;23;0;0;2;20
0;1;Vol;0.29;1;Env;Att;0;0;Dec;0.11;0;Sus;0.1;0;Rel;0.2;0;Tune;12;0;0;0;0
0;1;Vol;0.21;1;Env;Att;0;0;Dec;0.1;0;Sus;0.1;0;Rel;0.4;0;Tune;24;0;0;0;0
0;1;Vol;0.26;1;Env;Att;0;0;Dec;0.1;0;Sus;0;0;Rel;0.2;0;Tune;-12;0;0;0;0

Connection;3;Vol;1;0;Tune;0;0;0;0;0;Del;Dry;0.655;0;Cnt;9.251;0;Time;0.243;0;Lvl;0.995;0;Pow;0.72;0
3;1;Vol;0.7;0
1;1;Vol;0.7;0;Tune;12;0;0;0;0
2;1;Vol;0.7;0;Tune;36;0;0;0;0

Deep Sleep;2;Vol;1;0;Tune;0;0;0;0;0
1;1;Vol;1;1;Env;Att;0;0;Dec;0.2;0;Sus;0;0;Rel;0.2;0;Del;Dry;1;0;Cnt;24;0;Time;0.08;0;Lvl;0.5;0;Pow;1;0
3;1;Vol;1;1;Env;Att;0.03;0;Dec;0.2;0;Sus;0;0;Rel;0.2;0;Tune;12;0;0;0;0;Del;Dry;1;0;Cnt;10;0;Time;0.15;0;Lvl;0.5;0;Pow;1;0

Filter Funk;1;Vol;1;1;Mod;1;;-1;Deep Kick;Amt;-1;0;Att;0;0;Rel;0;0
0;1;Vol;1;0;Hrm;0;0.96;0;1;0.621;0;2;0.436;0;3;0.359;0;4;0.301;0;5;0.258;0;6;0.227;0;7;0.206;0;8;0.193;0;9;0.185;0;10;0.18;0;11;0.178;0;12;0.177;0;13;0.176;0;14;0.176;0;15;0.176;0;16;0.176;0;17;0.176;0;18;0.176;0;19;0.176;0;20;0.176;0;21;0.176;0;22;0.176;0;23;0.176;0;12;1;Flt;0;Cut;0.361;2;Env;Att;0.04;0;Dec;0.2;0;Sus;0;0;Rel;0.2;0;LFO;1;0;Amp;0.45;0;Freq;0.097074;0;Off;0;0;Res;1;0;Shrp;0.9;0

Panwood;6;Vol;1;0;Tune;0;0;0;0;0
0;1;Vol;1;2;Env;Att;0.07;0;Dec;0.2;0;Sus;0.7;0;Rel;0.2;0;LFO;1;0;Amp;0.136;0;Freq;2.643335;0;Off;0;0
0;1;Vol;0.42;2;Env;Att;0.07;0;Dec;0.3;0;Sus;0.2;0;Rel;0.2;0;LFO;1;0;Amp;0.05;0;Freq;2.408246;0;Off;0;0;Tune;12;0;0;0;0
0;1;Vol;0.14;1;Env;Att;0.07;0;Dec;0.07;0;Sus;0;0;Rel;0.2;0;Off;0.05;0;Tune;19;0;0;0;0
0;1;Vol;0.08;1;Env;Att;0.07;0;Dec;0.3;0;Sus;0;0;Rel;0.2;0;Off;0.03;0;Tune;19;0;0;0;0
4;1;Vol;0.75;1;Env;Att;0.02;0;Dec;0.2;0;Sus;0.5;0;Rel;0.2;0;Tune;19;0;0;0;0
6;1;Vol;0.8;2;Env;Att;0.02;0;Dec;0.2;0;Sus;0.5;0;Rel;0.2;0;LFO;1;0;Amp;0.043;0;Freq;1;0;Off;0;0;Tune;12;0;0;0;0
